最急降下法1回目の計算
停留点:[-1.23382430e-05  1.67814187e-05]
勾配:[-5.79360507e-07  7.87996415e-07]
最急降下法2回目の計算
停留点:[ 9.02667731e-06 -6.65887966e-06]
勾配:[ 7.52326055e-07 -5.56408600e-07]
最急降下法3回目の計算
停留点:[-2.34227073e-05  5.89443383e-05]
勾配:[-3.64687794e-07  9.17753890e-07]
最急降下法4回目の計算
停留点:[-3.25238696e-05  5.97578957e-05]
勾配:[-4.77389651e-07  8.77134281e-07]
最急降下法5回目の計算
停留点:[-1.02713921e-05  3.40683849e-05]
勾配:[-2.85593783e-07  9.47263896e-07]
2次ベクトルに対する最急降下法のkの平均は 364.0
2次ベクトルに対する最急降下法の平均時間は 0.008147001266479492
ニュートン法1回目の計算
停留点:[ 2.49520260e-06 -1.64652544e-06]
勾配:[ 6.39039889e-07 -4.21612005e-07]
ニュートン法2回目の計算
停留点:[-1.63427215e-05  3.85396933e-05]
勾配:[-2.95773663e-07  6.97498655e-07]
ニュートン法3回目の計算
停留点:[-1.44127845e-06  2.07613824e-06]
勾配:[-4.31903169e-07  6.22161594e-07]
ニュートン法4回目の計算
停留点:[ 2.70333444e-06 -2.41389846e-06]
勾配:[ 4.90721871e-07 -4.38181059e-07]
ニュートン法5回目の計算
停留点:[-1.72355089e-05  1.80261287e-05]
勾配:[-4.73016107e-07  4.94714096e-07]
2次ベクトルに対するニュートン法のkの平均は16.2
2次ベクトルに対するニュートン法の平均時間は 0.001300954818725586
最急降下法1回目の計算
停留点:[-2.53737350e-05  2.81303402e-05  7.14563081e-07 -3.23782352e-05
  2.98003783e-05]
勾配:[-1.94203621e-07  5.57756151e-07  2.00983800e-07 -3.82177698e-07
  6.15955550e-07]
最急降下法2回目の計算
停留点:[-4.42989555e-05  6.43254517e-06 -1.36639849e-05  1.53063878e-04
 -3.26551702e-05]
勾配:[7.61880747e-08 3.65023529e-07 2.65226385e-07 8.49411486e-07
 1.17373564e-07]
最急降下法3回目の計算
停留点:[ 1.44463056e-05  1.00667356e-05 -1.28089037e-05  3.68377035e-07
 -7.28162174e-06]
勾配:[ 4.49916082e-07  3.42153201e-07 -6.57231566e-07 -1.05908486e-07
 -4.30775097e-07]
最急降下法4回目の計算
停留点:[ 7.65104210e-06  8.12607305e-06 -9.14014442e-06 -1.12629529e-05
  7.08861599e-06]
勾配:[ 4.28308698e-07  5.09420342e-07 -7.48852686e-08 -8.06402672e-08
  5.45070891e-07]
最急降下法5回目の計算
停留点:[-4.60951333e-06  6.51306458e-06  9.89199390e-06 -2.28848743e-05
  2.08812650e-05]
勾配:[ 1.09929802e-07  3.78096701e-07  4.65381755e-07 -2.86769733e-07
  7.17129216e-07]
5次ベクトルに対する最急降下法のkの平均は 1747.4
5次ベクトルに対する最急降下法の平均時間は 0.07383518218994141
ニュートン法1回目の計算
停留点:[-8.59342207e-06 -7.87068787e-07  7.35075462e-06  7.65234707e-06
 -3.21364815e-06]
勾配:[-5.88342333e-07 -5.38786744e-08  5.03274371e-07  5.23900825e-07
 -2.20025946e-07]
ニュートン法2回目の計算
停留点:[ 1.44965520e-05  1.46203109e-05 -1.39316691e-05  1.16470692e-05
 -1.49255534e-05]
勾配:[ 4.08780236e-07  4.13330297e-07 -3.97290389e-07  3.32038201e-07
 -4.19272941e-07]
ニュートン法3回目の計算
停留点:[-1.63834373e-05 -1.74786297e-05 -9.77324466e-05  8.55533927e-05
  1.95746199e-04]
勾配:[-6.69376057e-08 -7.14122196e-08 -3.99304240e-07  3.49544431e-07
  7.99757808e-07]
ニュートン法4回目の計算
停留点:[-8.35907799e-06  9.99217026e-06  1.49586590e-05 -6.28225563e-06
 -6.02934352e-06]
勾配:[-2.76830341e-07  3.30913996e-07  4.95390841e-07 -2.08051530e-07
 -1.99675756e-07]
ニュートン法5回目の計算
停留点:[ 4.04107438e-06  1.17183004e-05  3.79944639e-06 -1.68637916e-05
 -9.82898993e-07]
勾配:[ 1.54780364e-07  4.49107390e-07  1.58959390e-07 -6.69147744e-07
 -2.57972038e-08]
5次ベクトルに対するニュートン法のkの平均は18.6
5次ベクトルに対するニュートン法の平均時間は 0.0016556262969970703
最急降下法1回目の計算
停留点:[ 1.39216425e-04  5.27075290e-05  5.84856705e-06 -1.23458377e-04
  2.18186167e-04  3.45786333e-05 -2.92024660e-04 -1.98602618e-04
  3.31254585e-04  1.21696056e-04]
勾配:[ 3.63833929e-07  2.00298291e-07  1.76102229e-07  6.45055819e-08
  4.79498051e-07  2.96366377e-07 -1.43297857e-07 -1.49201329e-07
  5.63375577e-07  3.30882667e-07]
最急降下法2回目の計算
停留点:[ 3.46567422e-05 -3.13367463e-05  2.61804906e-06 -2.50177943e-05
  1.77012867e-05  3.29279733e-05  2.58527088e-05  1.73200876e-05
 -3.55141709e-05 -2.73599168e-05]
勾配:[ 4.25746128e-07 -8.36731228e-08  1.87936204e-07 -1.44588422e-08
  4.28387706e-07  4.56445721e-07  4.91577112e-07  3.60506401e-07
 -8.05674600e-08 -1.14759746e-08]
最急降下法3回目の計算
停留点:[ 0.01193069 -0.02743611  0.01812779 -0.01865641  0.02742926  0.03175497
  0.02932842 -0.01747458 -0.02296127 -0.02632403]
勾配:[ 2.40859589e-08 -1.80061798e-07  1.66207731e-07 -3.49950929e-08
 -1.52976809e-07 -6.07366843e-07 -3.09392063e-07 -1.86413889e-07
 -4.61862175e-07 -3.75332916e-07]
最急降下法4回目の計算
停留点:[ 9.30940931e-05 -1.93861142e-04 -1.47747679e-04  1.85250395e-04
 -1.02029111e-04  7.53226758e-05  8.92768663e-05 -8.99494228e-05
  4.49874890e-05  6.60131632e-05]
勾配:[ 3.60436117e-07 -2.46764487e-07 -1.10346632e-07  6.11980486e-07
 -2.31697333e-08  3.15155219e-07  4.13813471e-07 -1.63860646e-09
  2.35691019e-07  2.97992471e-07]
最急降下法5回目の計算
停留点:[ 4.27832668e-05 -2.12570396e-05 -7.22906663e-05 -1.61333717e-05
  1.45522428e-05 -2.03567666e-05 -6.29045601e-06  1.64706449e-05
  3.92865381e-05  3.68561310e-05]
勾配:[ 4.97227291e-07  1.90562956e-08 -2.07371968e-07  1.17125977e-07
  2.56374438e-07  5.59705158e-08  1.64409515e-07  2.49223144e-07
  4.99373068e-07  5.16017089e-07]
10次ベクトルに対する最急降下法のkの平均は 20513.8
10次ベクトルに対する最急降下法の平均時間は 1.3499098777770997
ニュートン法1回目の計算
停留点:[-1.56240929e-05 -1.71361669e-07  3.12048401e-06  2.90026341e-06
 -1.11289713e-05  1.05928350e-05  7.06347747e-06  4.67656123e-06
  3.04534809e-06  1.98078801e-06]
勾配:[-5.86367332e-07 -6.64391870e-09  1.17014873e-07  1.09052531e-07
 -4.17460115e-07  3.97346171e-07  2.64970938e-07  1.75687496e-07
  1.14321512e-07  7.43088206e-08]
ニュートン法2回目の計算
停留点:[-2.70562361e-04 -5.08247395e-05  1.41773386e-04  1.80963609e-04
 -4.48778451e-04 -2.29161524e-04  1.04628988e-04  2.85178851e-04
  1.73291874e-04  4.01938232e-04]
勾配:[-3.10216981e-07 -5.82738014e-08  1.62552218e-07  2.07486305e-07
 -5.14553081e-07 -2.62748284e-07  1.19963799e-07  3.26975719e-07
  1.98690172e-07  4.60847787e-07]
ニュートン法3回目の計算
停留点:[-1.16867567e-04 -1.68952776e-05 -1.30396696e-04  2.37888946e-04
  7.53371696e-05 -3.70872169e-05  3.79965707e-04 -2.14669872e-05
 -1.06828889e-04 -2.40648923e-04]
勾配:[-1.96927416e-07 -2.84693473e-08 -2.19724643e-07  4.00854204e-07
  1.26946718e-07 -6.24937267e-08  6.40260311e-07 -3.61728957e-08
 -1.80011766e-07 -4.05504896e-07]
ニュートン法4回目の計算
停留点:[ 9.79699825e-06 -2.75404662e-06  5.48782142e-06 -8.56216450e-06
 -1.24912855e-05 -2.25227958e-05 -9.58344714e-06  1.75542346e-05
  1.63236356e-06  2.50186063e-05]
勾配:[ 1.84133334e-07 -5.19472708e-08  1.02887948e-07 -1.61251969e-07
 -2.35450008e-07 -4.23810956e-07 -1.79900681e-07  3.30722050e-07
  3.11104899e-08  4.71001439e-07]
ニュートン法5回目の計算
停留点:[-1.62824105e-05  8.19919044e-05  3.98217181e-05  5.91779118e-06
 -8.34034135e-05 -1.84818562e-05  4.67113900e-05 -3.54802050e-05
  3.73692257e-05 -4.03651573e-05]
勾配:[-8.95058998e-08  4.50716997e-07  2.18903626e-07  3.25306393e-08
 -4.58476191e-07 -1.01596454e-07  2.56776782e-07 -1.95037932e-07
  2.05422051e-07 -2.21890961e-07]
10次ベクトルに対するニュートン法のkの平均は29.4
10次ベクトルに対するニュートン法の平均時間は 0.003231382369995117
